[DSC_1339_768x512_rggb]
height = 512
width = 768
color_space = srgb
bayer_pattern = rggb
channel_gain = [1.94921875, 1.0, 1.0, 1.34375]
bit_depth = 14
black_level = [600, 600, 600, 600]
white_level = [15520, 15520, 15520, 15520]
color_matrix = [[0.9020, -0.2890, -0.0715],[-0.4535, 1.2436, 0.2348],[-0.0934, 0.1919,  0.7086]]


[DSC_1339_768x512_gbrg]
height =512
width = 768
color_space = raw
bayer_pattern = gbrg
channel_gain = [1.0, 1.34375, 1.94921875, 1.0]
bit_depth = 14
black_level = [600, 600, 600, 600]
white_level = [15520, 15520, 15520, 15520]
color_matrix = [[0.9020, -0.2890, -0.0715],[-0.4535, 1.2436, 0.2348],[-0.0934, 0.1919,  0.7086]]



[DSC_1320_2048x2048_rggb]
height = 2048
width = 2048
color_space = srgb
bayer_pattern = rggb
channel_gain = [1.94921875, 1.0, 1.0, 1.34375]
bit_depth = 14
black_level = [600, 600, 600, 600]
white_level = [15520, 15520, 15520, 15520]
color_matrix = [[0.9020, -0.2890, -0.0715],[-0.4535, 1.2436, 0.2348],[-0.0934, 0.1919,  0.7086]]



[DSC_1372_6032x4032_gbrg]
height = 4032
width = 6032
color_space = raw
bayer_pattern = gbrg
channel_gain = [1.0, 1.34375, 1.94921875, 1.0]
bit_depth = 14
black_level = [600, 600, 600, 600]
white_level = [15520, 15520, 15520, 15520]
color_matrix = [[0.9020, -0.2890, -0.0715],[-0.4535, 1.2436, 0.2348],[-0.0934, 0.1919,  0.7086]]

